body_to_camera: {
  qx: 0.4951858815239740,
  qy: 0.4783353420041345,
  qz: 0.5127316954379839,
  qw: 0.5129253862136314,
  tx: 0.1346,
  ty: -0.0417,
  tz: 0.08898 }



#####
convert_to_ned: false
verbose: false
alpha: 0.9
mocap_noise_std: 0.1
update_rate: 20